1738663221121 0.2617226541042328 0
1738663337427 0.2564017176628113 1
1738663447347 0.2683737874031067 2
1738663560782 0.2683737874031067 3
1738663673293 0.2683737874031067 4
1738663786348 0.2683737874031067 5
1738663899159 0.2683737874031067 6
1738664008558 0.2680412232875824 7
1738664118328 0.2683737874031067 8
1738664231893 0.2683737874031067 9
1738664339233 0.2613900899887085 10
1738664448326 0.2683737874031067 11
1738664559346 0.2670435607433319 12
1738664668956 0.2680412232875824 13
1738664779744 0.25839707255363464 14
1738664887615 0.2683737874031067 15
1738664999645 0.2683737874031067 16
1738665113569 0.2680412232875824 17
1738665224551 0.26970401406288147 18
1738665334930 0.2683737874031067 19
1738665449701 0.2683737874031067 20
1738665560502 0.2683737874031067 21
1738665670883 0.2690389156341553 22
1738665779519 0.2680412232875824 23
1738665890143 0.268706351518631 24
1738666001886 0.2683737874031067 25
1738666111301 0.2683737874031067 26
