1738663221121 2.175469160079956 0
1738663337427 1.7473642826080322 1
1738663447347 1.7139484882354736 2
1738663560782 1.6844772100448608 3
1738663673293 1.6582884788513184 4
1738663786348 1.634949803352356 5
1738663899159 1.6140376329421997 6
1738664008558 1.595580816268921 7
1738664118328 1.5802408456802368 8
1738664231893 1.5639971494674683 9
1738664339233 1.5495778322219849 10
1738664448326 1.5363761186599731 11
1738664559346 1.5261316299438477 12
1738664668956 1.5592330694198608 13
1738664779744 1.511599063873291 14
1738664887615 1.5005797147750854 15
1738664999645 1.4907256364822388 16
1738665113569 1.4825090169906616 17
1738665224551 1.5028462409973145 18
1738665334930 1.4792406558990479 19
1738665449701 1.4683831930160522 20
1738665560502 1.4597582817077637 21
1738665670883 1.4664363861083984 22
1738665779519 1.4584035873413086 23
1738665890143 1.4834226369857788 24
1738666001886 1.4603782892227173 25
1738666111301 1.4499568939208984 26
