1738657021533 0.2670435607433319 0
1738657147588 0.25739941000938416 1
1738657269386 0.26438310742378235 2
1738657389688 0.2683737874031067 3
1738657498248 0.2683737874031067 4
1738657606583 0.2617226541042328 5
1738657720682 0.2683737874031067 6
1738657830139 0.2683737874031067 7
1738657940166 0.2683737874031067 8
1738658051170 0.2683737874031067 9
1738658161224 0.2683737874031067 10
1738658270978 0.2683737874031067 11
1738658382307 0.2683737874031067 12
1738658492409 0.2683737874031067 13
1738658604814 0.2683737874031067 14
1738658718107 0.2683737874031067 15
1738658832619 0.2680412232875824 16
1738658943238 0.2683737874031067 17
1738659051799 0.2683737874031067 18
1738659163332 0.2683737874031067 19
1738659273881 0.2683737874031067 20
1738659389029 0.26538076996803284 21
1738659504598 0.25839707255363464 22
1738659614934 0.2683737874031067 23
1738659727106 0.2683737874031067 24
1738659836284 0.2683737874031067 25
1738659952916 0.2683737874031067 26
1738660062235 0.268706351518631 27
1738660173213 0.2683737874031067 28
1738660279642 0.2683737874031067 29
1738660386981 0.27003657817840576 30
1738660493702 0.2683737874031067 31
1738660612806 0.2683737874031067 32
1738660723280 0.25773194432258606 33
1738660834609 0.268706351518631 34
1738660948410 0.2683737874031067 35
1738661061313 0.26338544487953186 36
1738661173597 0.2683737874031067 37
1738661288466 0.26371797919273376 38
1738661411202 0.2683737874031067 39
1738661417741 0.2683737874031067 40
