1738657021533 2.247133255004883 0
1738657147588 1.7500931024551392 1
1738657269386 1.7154401540756226 2
1738657389688 1.684187889099121 3
1738657498248 1.6564041376113892 4
1738657606583 1.6318622827529907 5
1738657720682 1.6100929975509644 6
1738657830139 1.590744137763977 7
1738657940166 1.57338285446167 8
1738658051170 1.5600095987319946 9
1738658161224 1.546696662902832 10
1738658270978 1.533353328704834 11
1738658382307 1.521242380142212 12
1738658492409 1.5104544162750244 13
1738658604814 1.5002623796463013 14
1738658718107 1.4910025596618652 15
1738658832619 1.4893133640289307 16
1738658943238 1.4777014255523682 17
1738659051799 1.4700586795806885 18
1738659163332 1.462406039237976 19
1738659273881 1.456327199935913 20
1738659389029 1.4501653909683228 21
1738659504598 1.444183111190796 22
1738659614934 1.4388107061386108 23
1738659727106 1.4338363409042358 24
1738659836284 1.42936110496521 25
1738659952916 1.4251543283462524 26
1738660062235 1.421647071838379 27
1738660173213 1.419330358505249 28
1738660279642 1.4155055284500122 29
1738660386981 1.4599531888961792 30
1738660493702 1.4328945875167847 31
1738660612806 1.4421882629394531 32
1738660723280 1.4403413534164429 33
1738660834609 1.4669368267059326 34
1738660948410 1.4467848539352417 35
1738661061313 1.4383841753005981 36
1738661173597 1.4320287704467773 37
1738661288466 1.4267523288726807 38
1738661411202 1.4222875833511353 39
1738661417741 1.4155055284500122 40
