1738661417800 0.2670435607433319 0
1738661417809 0.25739941000938416 1
1738661417818 0.26438310742378235 2
1738661417826 0.2683737874031067 3
1738661417834 0.2683737874031067 4
1738661417843 0.2617226541042328 5
1738661417853 0.2683737874031067 6
1738661417860 0.2683737874031067 7
1738661417868 0.2683737874031067 8
1738661417876 0.2683737874031067 9
1738661417884 0.2683737874031067 10
1738661417891 0.2683737874031067 11
1738661417900 0.2683737874031067 12
1738661417907 0.2683737874031067 13
1738661417915 0.2683737874031067 14
1738661417923 0.2683737874031067 15
1738661417931 0.2680412232875824 16
1738661417939 0.2683737874031067 17
1738661417946 0.2683737874031067 18
1738661417954 0.2683737874031067 19
1738661417962 0.2683737874031067 20
1738661417969 0.26538076996803284 21
1738661417977 0.25839707255363464 22
1738661417985 0.2683737874031067 23
1738661417993 0.2683737874031067 24
1738661418001 0.2683737874031067 25
1738661418008 0.2683737874031067 26
1738661418016 0.268706351518631 27
1738661418024 0.2683737874031067 28
1738661418031 0.2683737874031067 29
1738661418039 0.27003657817840576 30
1738661418047 0.2683737874031067 31
1738661418055 0.2683737874031067 32
1738661418062 0.25773194432258606 33
1738661418071 0.268706351518631 34
1738661418079 0.2683737874031067 35
1738661418087 0.26338544487953186 36
1738661418095 0.2683737874031067 37
1738661418103 0.26371797919273376 38
1738661418111 0.2683737874031067 39
