1738661417797 2.247133255004883 0
1738661417807 1.7500931024551392 1
1738661417816 1.7154401540756226 2
1738661417824 1.684187889099121 3
1738661417832 1.6564041376113892 4
1738661417841 1.6318622827529907 5
1738661417850 1.6100929975509644 6
1738661417858 1.590744137763977 7
1738661417866 1.57338285446167 8
1738661417874 1.5600095987319946 9
1738661417882 1.546696662902832 10
1738661417890 1.533353328704834 11
1738661417898 1.521242380142212 12
1738661417905 1.5104544162750244 13
1738661417913 1.5002623796463013 14
1738661417921 1.4910025596618652 15
1738661417929 1.4893133640289307 16
1738661417937 1.4777014255523682 17
1738661417944 1.4700586795806885 18
1738661417952 1.462406039237976 19
1738661417960 1.456327199935913 20
1738661417968 1.4501653909683228 21
1738661417975 1.444183111190796 22
1738661417983 1.4388107061386108 23
1738661417991 1.4338363409042358 24
1738661417999 1.42936110496521 25
1738661418006 1.4251543283462524 26
1738661418014 1.421647071838379 27
1738661418022 1.419330358505249 28
1738661418029 1.4155055284500122 29
1738661418037 1.4599531888961792 30
1738661418045 1.4328945875167847 31
1738661418053 1.4421882629394531 32
1738661418061 1.4403413534164429 33
1738661418069 1.4669368267059326 34
1738661418077 1.4467848539352417 35
1738661418085 1.4383841753005981 36
1738661418093 1.4320287704467773 37
1738661418101 1.4267523288726807 38
1738661418109 1.4222875833511353 39
