1740196541174 0.2549999952316284 0
1740196677400 0.26249998807907104 1
1740196810748 0.24562500417232513 2
1740196945774 0.2668749988079071 3
1740197077964 0.2574999928474426 4
1740197208518 0.25999999046325684 5
1740197343496 0.2603124976158142 6
1740197474126 0.2565625011920929 7
1740197608768 0.2409375011920929 8
1740197743644 0.2578125 9
1740197875781 0.2459374964237213 10
1740198007324 0.2581250071525574 11
1740198140391 0.24312500655651093 12
1740198272371 0.25093749165534973 13
1740198400349 0.2578125 14
1740198531668 0.2528125047683716 15
1740198661743 0.2528125047683716 16
1740198793649 0.2593750059604645 17
1740198932283 0.25593748688697815 18
1740199110211 0.25468748807907104 19
1740199303193 0.25343748927116394 20
1740199457317 0.25468748807907104 21
1740199619501 0.24375000596046448 22
1740199762145 0.25312501192092896 23
1740199895537 0.26093751192092896 24
1740200022975 0.25093749165534973 25
1740200151663 0.24406249821186066 26
1740200279357 0.24500000476837158 27
1740200414593 0.24187499284744263 28
1740200543849 0.23656250536441803 29
1740200676114 0.24281249940395355 30
1740200816883 0.2459374964237213 31
1740200944277 0.2462500035762787 32
1740201074043 0.2524999976158142 33
1740201201752 0.2606250047683716 34
1740201327317 0.24656249582767487 35
1740201457986 0.2581250071525574 36
1740201586690 0.2540625035762787 37
1740201715598 0.24437500536441803 38
1740201842522 0.24500000476837158 39
1740201969894 0.24562500417232513 40
1740202096253 0.25218749046325684 41
1740202223166 0.2503125071525574 42
1740202355637 0.2421875 43
1740202485649 0.23874999582767487 44
1740202615049 0.23749999701976776 45
1740202747567 0.24156250059604645 46
1740202876016 0.2381249964237213 47
1740203006453 0.25843751430511475 48
1740203134609 0.24062499403953552 49
1740203263699 0.24281249940395355 50
1740203390053 0.24531249701976776 51
1740203518968 0.2574999928474426 52
1740203648930 0.2475000023841858 53
1740203777013 0.23593750596046448 54
1740203903478 0.24062499403953552 55
1740204029279 0.23906250298023224 56
1740204158338 0.24281249940395355 57
1740204285393 0.2512499988079071 58
1740204414541 0.2515625059604645 59
1740204422143 0.24062499403953552 60
