1740196541174 1.8682781457901 0
1740196677400 1.6928901672363281 1
1740196810748 1.618693232536316 2
1740196945774 1.557732105255127 3
1740197077964 1.520790457725525 4
1740197208518 1.496324062347412 5
1740197343496 1.4723907709121704 6
1740197474126 1.457382082939148 7
1740197608768 1.4461115598678589 8
1740197743644 1.4327996969223022 9
1740197875781 1.4270751476287842 10
1740198007324 1.420804500579834 11
1740198140391 1.4142045974731445 12
1740198272371 1.4103455543518066 13
1740198400349 1.414717435836792 14
1740198531668 1.4056997299194336 15
1740198661743 1.4025799036026 16
1740198793649 1.398960828781128 17
1740198932283 1.3959572315216064 18
1740199110211 1.3945857286453247 19
1740199303193 1.3997822999954224 20
1740199457317 1.3935585021972656 21
1740199619501 1.3928371667861938 22
1740199762145 1.3923351764678955 23
1740199895537 1.3943499326705933 24
1740200022975 1.3942352533340454 25
1740200151663 1.3914132118225098 26
1740200279357 1.3969873189926147 27
1740200414593 1.3905802965164185 28
1740200543849 1.3914210796356201 29
1740200676114 1.390526533126831 30
1740200816883 1.3887518644332886 31
1740200944277 1.3876893520355225 32
1740201074043 1.3947573900222778 33
1740201201752 1.392671823501587 34
1740201327317 1.3896580934524536 35
1740201457986 1.3904510736465454 36
1740201586690 1.3889354467391968 37
1740201715598 1.3883837461471558 38
1740201842522 1.3872337341308594 39
1740201969894 1.3872891664505005 40
1740202096253 1.3889439105987549 41
1740202223166 1.3870155811309814 42
1740202355637 1.3873556852340698 43
1740202485649 1.388677716255188 44
1740202615049 1.3868305683135986 45
1740202747567 1.3866795301437378 46
1740202876016 1.3866043090820312 47
1740203006453 1.3876606225967407 48
1740203134609 1.3869587182998657 49
1740203263699 1.3867629766464233 50
1740203390053 1.3872390985488892 51
1740203518968 1.3867292404174805 52
1740203648930 1.3864938020706177 53
1740203777013 1.387156367301941 54
1740203903478 1.3869128227233887 55
1740204029279 1.386802077293396 56
1740204158338 1.3865786790847778 57
1740204285393 1.3864402770996094 58
1740204414541 1.3864471912384033 59
1740204422143 1.3869587182998657 60
