1740116924778 0.2627203166484833 0
1740117077238 0.27169936895370483 1
1740117280242 0.2680412232875824 2
1740117440152 0.2683737874031067 3
1740117611418 0.2677086889743805 4
1740117787469 0.2683737874031067 5
1740117952385 0.2683737874031067 6
1740118108961 0.2683737874031067 7
1740118258459 0.2683737874031067 8
1740118406228 0.2683737874031067 9
1740118554077 0.2680412232875824 10
1740118703558 0.2683737874031067 11
1740118851061 0.2683737874031067 12
1740118994013 0.2683737874031067 13
1740119133805 0.2683737874031067 14
1740119274385 0.268706351518631 15
1740119408724 0.2683737874031067 16
1740119543053 0.2683737874031067 17
1740119680893 0.2683737874031067 18
1740119819241 0.268706351518631 19
1740119953592 0.2683737874031067 20
1740120095215 0.2683737874031067 21
1740120262226 0.2683737874031067 22
1740120418376 0.2683737874031067 23
1740120554597 0.2683737874031067 24
1740120687529 0.2683737874031067 25
1740120851129 0.2683737874031067 26
1740120980466 0.2683737874031067 27
1740121108564 0.2683737874031067 28
1740121238423 0.2683737874031067 29
1740121368518 0.2683737874031067 30
1740121501484 0.2683737874031067 31
1740121639352 0.268706351518631 32
1740121774325 0.2683737874031067 33
1740121902841 0.2683737874031067 34
1740122041679 0.2677086889743805 35
1740122175983 0.2680412232875824 36
1740122297865 0.2683737874031067 37
1740122418645 0.2683737874031067 38
1740122542646 0.2670435607433319 39
1740122665240 0.2683737874031067 40
1740122788922 0.2683737874031067 41
1740122912944 0.2680412232875824 42
1740123043897 0.26571333408355713 43
1740123180212 0.2690389156341553 44
1740123313644 0.2683737874031067 45
1740123440996 0.2683737874031067 46
1740123568730 0.2683737874031067 47
1740123691809 0.2683737874031067 48
1740123812249 0.2683737874031067 49
1740123942854 0.2683737874031067 50
1740124069292 0.2683737874031067 51
1740124195742 0.2683737874031067 52
1740124326849 0.2683737874031067 53
1740124452608 0.2683737874031067 54
1740124579957 0.2683737874031067 55
1740124709021 0.2667109966278076 56
1740124847391 0.2683737874031067 57
1740124986626 0.2680412232875824 58
1740125148484 0.2683737874031067 59
1740125296266 0.2683737874031067 60
1740125440354 0.268706351518631 61
1740125596706 0.268706351518631 62
1740125749812 0.268706351518631 63
1740125899398 0.268706351518631 64
1740126062313 0.2683737874031067 65
1740126207855 0.2683737874031067 66
1740126353591 0.268706351518631 67
1740126506300 0.2673761248588562 68
1740126655193 0.2683737874031067 69
1740126812196 0.2683737874031067 70
1740126961973 0.2683737874031067 71
1740127117254 0.2677086889743805 72
1740127273752 0.2683737874031067 73
1740127433071 0.2683737874031067 74
1740127587512 0.2683737874031067 75
1740127735009 0.2683737874031067 76
1740127880007 0.2683737874031067 77
1740128020455 0.2683737874031067 78
1740128165072 0.2680412232875824 79
1740128311395 0.2663784623146057 80
1740128455348 0.2683737874031067 81
1740128599620 0.2683737874031067 82
1740128750987 0.2683737874031067 83
1740128904957 0.27103424072265625 84
1740129047365 0.268706351518631 85
1740129195900 0.2683737874031067 86
1740129339341 0.2683737874031067 87
1740129478880 0.2683737874031067 88
1740129618635 0.2680412232875824 89
1740129761679 0.2680412232875824 90
1740129908993 0.2683737874031067 91
1740130060557 0.2683737874031067 92
1740130206407 0.2683737874031067 93
1740130360540 0.2683737874031067 94
1740130513901 0.2683737874031067 95
1740130667940 0.26571333408355713 96
1740130815568 0.2683737874031067 97
1740130964834 0.2683737874031067 98
1740131113187 0.2683737874031067 99
