1740116924778 2.028201103210449 0
1740117077238 1.797245740890503 1
1740117280242 1.7900649309158325 2
1740117440152 1.7813442945480347 3
1740117611418 1.7752184867858887 4
1740117787469 1.7691574096679688 5
1740117952385 1.7640100717544556 6
1740118108961 1.7567261457443237 7
1740118258459 1.750386357307434 8
1740118406228 1.7439953088760376 9
1740118554077 1.7382533550262451 10
1740118703558 1.731398582458496 11
1740118851061 1.7251118421554565 12
1740118994013 1.7187420129776 13
1740119133805 1.7145931720733643 14
1740119274385 1.706247091293335 15
1740119408724 1.7006642818450928 16
1740119543053 1.6946990489959717 17
1740119680893 1.6888043880462646 18
1740119819241 1.683812141418457 19
1740119953592 1.6774160861968994 20
1740120095215 1.6717746257781982 21
1740120262226 1.667233943939209 22
1740120418376 1.6611777544021606 23
1740120554597 1.655913233757019 24
1740120687529 1.6507160663604736 25
1740120851129 1.6457818746566772 26
1740120980466 1.6405657529830933 27
1740121108564 1.635586142539978 28
1740121238423 1.630681037902832 29
1740121368518 1.6261465549468994 30
1740121501484 1.6234161853790283 31
1740121639352 1.6163674592971802 32
1740121774325 1.6121925115585327 33
1740121902841 1.6076338291168213 34
1740122041679 1.6077333688735962 35
1740122175983 1.6009001731872559 36
1740122297865 1.5950844287872314 37
1740122418645 1.5917025804519653 38
1740122542646 1.5873422622680664 39
1740122665240 1.5833238363265991 40
1740122788922 1.5794413089752197 41
1740122912944 1.576176643371582 42
1740123043897 1.5838170051574707 43
1740123180212 1.5725481510162354 44
1740123313644 1.5655086040496826 45
1740123440996 1.5632532835006714 46
1740123568730 1.5586637258529663 47
1740123691809 1.5551460981369019 48
1740123812249 1.5516482591629028 49
1740123942854 1.548203945159912 50
1740124069292 1.5448029041290283 51
1740124195742 1.5414572954177856 52
1740124326849 1.5396324396133423 53
1740124452608 1.5353392362594604 54
1740124579957 1.532244086265564 55
1740124709021 1.530150294303894 56
1740124847391 1.526183843612671 57
1740124986626 1.5231209993362427 58
1740125148484 1.5201607942581177 59
1740125296266 1.5173542499542236 60
1740125440354 1.5141679048538208 61
1740125596706 1.5159062147140503 62
1740125749812 1.5091211795806885 63
1740125899398 1.5070130825042725 64
1740126062313 1.5039364099502563 65
1740126207855 1.5012508630752563 66
1740126353591 1.4987691640853882 67
1740126506300 1.49640953540802 68
1740126655193 1.4941190481185913 69
1740126812196 1.4919874668121338 70
1740126961973 1.489333152770996 71
1740127117254 1.4896589517593384 72
1740127273752 1.485525369644165 73
1740127433071 1.4931156635284424 74
1740127587512 1.4809019565582275 75
1740127735009 1.4787858724594116 76
1740127880007 1.4765297174453735 77
1740128020455 1.474291443824768 78
1740128165072 1.4723198413848877 79
1740128311395 1.4704228639602661 80
1740128455348 1.468122124671936 81
1740128599620 1.466947078704834 82
1740128750987 1.4642914533615112 83
1740128904957 1.4585862159729004 84
1740129047365 1.4777565002441406 85
1740129195900 1.458844780921936 86
1740129339341 1.4569799900054932 87
1740129478880 1.4550833702087402 88
1740129618635 1.4533424377441406 89
1740129761679 1.4562243223190308 90
1740129908993 1.450215458869934 91
1740130060557 1.4484246969223022 92
1740130206407 1.4466594457626343 93
1740130360540 1.4460526704788208 94
1740130513901 1.443397045135498 95
1740130667940 1.4420031309127808 96
1740130815568 1.440427303314209 97
1740130964834 1.4388116598129272 98
1740131113187 1.4372302293777466 99
